% p256_ber = [0.0956
% 0.0524	
% 0.0282	
% 0.0132	
% 0.0063	
% 0.0029	
% 0.0010	
% 0.0004835
% 0.0002625 ];

% Bellhop
bp256_Bellhop_bler = [0.24755
0.16585
0.092831
0.057484
0.039779
0.025838
0.017486
0.012989
0.0079873
0.0057461
0.0032235];
bpopt256_Bellhop_bler = [0.2057
0.13893
0.071631
0.041564    
0.025583
0.017087   
0.0097585
0.0061876    
0.0031514
0.0027246    
0.0017419];
sc256_Bellhop_bler = [0.60778
    0.51737
    0.39604
    0.2878
    0.21199
    0.14875
    0.10781
    0.076509
    0.053811
    0.038136
    0.027539];
scl256_Bellhop_bler = [0.2994
0.19305   
0.11001
0.056211    
0.033864
0.017039    
0.0085631
0.0043174    
0.0023325
0.0013669    
0.00070759];
ldpc256_Bellhop_bler = [0.37736
    0.2454
    0.14388
    0.086393
    0.047733
    0.02004
    0.0071813
    0.0031701
    0.0012966
    0.00056403
    0.00026026];

bp256_Bellhop_ber = [0.0584
    0.0364
    0.02109042
    0.01234245
    0.00727483
    0.00438365
    0.00273250
    0.00180087
    0.00118389
    0.00088146
    0.00064495];
bpopt256_Bellhop_ber = [0.0623
    0.0337
    0.0200
    0.0114
    0.0060
    0.0036
    0.0022
    0.0012
    0.00061154
    0.00033559
    0.00025759];
sc256_Bellhop_ber = [0.1628
    0.1268
    0.0941
    0.0650
    0.0429
    0.0313
    0.0217
    0.0151
    0.0103
    0.0069
    0.0047];
scl256_Bellhop_ber = [0.0689
    0.0409
    0.0219
    0.0129
    0.0066
    0.0034
    0.0016
    0.00089095
    0.00043996
    0.00022556
    0.00010879];
ldpc256_Bellhop_ber = [0.066
    0.041
    0.025
    0.014
    0.0087
    0.0035
    0.0015
    0.0005
    0.00025
    0.0001
    0.00006];

bp1024_Bellhop_bler = [0.38996
    0.19021
    0.082449
    0.041478
    0.022509
    0.013463
    0.0074177
    0.004859
    0.0030209
    0.0019893
    0.0014374];
bpopt1024_Bellhop_bler = [0.35315
    0.13377
    0.057517
    0.024676
    0.012894
    0.0068124
    0.0047865
    0.0023902
    0.0014299
    0.00083916
    0.00058155];
sc1024_Bellhop_bler = [0.58733
    0.40942
    0.26931
    0.14885
    0.079656
    0.042603
    0.022019
    0.011719
    0.0062496
    0.0034848
    0.0019949];
scl1024_Bellhop_bler = [0.19194
    0.071327
    0.027678
    0.011018
    0.0024707
    0.00080096
    0.00032795
    0.00010424
    0.000032776
    0.000012098
    0.0000049005];
ldpc1024_Bellhop_bler = [0.61538
    0.3125
    0.15326
    0.054127
    0.020855
    0.0049164
    0.0011462
    0.00027857
    0.000089
    0.000039
    0.0000106];

bp1024_Bellhop_ber = [0.0973
    0.0396
    0.0151
    0.0070
    0.0025
    0.0013
    0.00080856
    0.00049490
    0.00030188
    0.00016652
    0.000098909];
bpopt1024_Bellhop_ber = [0.0959
    0.0346
    0.0101
    0.0038
    0.0016
    0.00082035
    0.00036264
    0.00017987
    0.00011839
    0.000066430
    0.000035178];
sc1024_Bellhop_ber = [0.1901
    0.1182
    0.0652
    0.0346
    0.0173
    0.0088
    0.0042
    0.0020
    0.0010
    0.00051362
    0.00027136];
scl1024_Bellhop_ber = [0.0580
    0.0223
    0.0057
    0.0018
    0.00048563
    0.00016343
    0.000043983
    0.000010895
    0.0000037204
    0.0000015285
    0.00000063125];
ldpc1024_Bellhop_ber = [0.1
    0.05
    0.02
    0.008
    0.003
    0.0015
    0.0005
    0.00008
    0.00002
    0.000006
    0.000001];

% Real UWA
bp256_real_bler = [0.77099
    0.61585
    0.34948
    0.24279
    0.12949
    0.070285
    0.035526
    0.0197
    0.0082201
    0.004711
    0.0028925];
bpopt256_real_bler = [0.65584
    0.51795
    0.33115
    0.18566
    0.086177
    0.042366
    0.020808
    0.0083817
    0.0036894
    0.0017267
    0.0009226];
sc256_real_bler = [0.90152
    0.83333
    0.7093
    0.53927
    0.42603
    0.30956
    0.19444
    0.12248
    0.068991
    0.037404
    0.020224];
scl256_real_bler = [0.75758
    0.64103
    0.3876
    0.26178
    0.13699
    0.069252
    0.032352
    0.01292
    0.0039356
    0.0012753
    0.00035744];
ldpc256_real_bler = [0.97561
    0.90909
    0.67797
    0.49383
    0.2649
    0.11494
    0.036765
    0.016779
    0.0043141
    0.0011409
    0.00027027];

bp256_real_ber = [0.2728
    0.1917
    0.1012
    0.0599
    0.0309
    0.0130
    0.0067
    0.0030
    0.0013
    0.00056082
    0.00031480];
bpopt256_real_ber = [0.2748
    0.1943
    0.1247
    0.0605
    0.0271
    0.0129
    0.0053
    0.0020
    0.00083730
    0.00035474
    0.00018412];
sc256_real_ber = [0.3415
    0.2818
    0.2285
    0.1672
    0.1155
    0.0733
    0.0435
    0.0251
    0.0141
    0.0073
    0.0036];
scl256_real_ber = [0.2606
    0.1999
    0.1245
    0.0680
    0.0344
    0.0153
    0.0065
    0.0025
    0.00088223
    0.00026610
    0.000056958];
ldpc256_real_ber = [0.34
    0.25
    0.18
    0.09
    0.05
    0.02
    0.006
    0.002
    0.0004
    0.0001
    0.00003];

bp1024_real_bler = [0.9902
    0.92661
    0.82114
    0.4951
    0.21218
    0.086994
    0.045888
    0.015776
    0.0077615
    0.0039393
    0.0020517];
bpopt1024_real_bler = [0.9902
    0.92661
    0.71631
    0.42083
    0.17032
    0.062694
    0.021277
    0.0075446
    0.0038011
    0.001419
    0.00074124];
sc1024_real_bler = [0.99029
    0.9685
    0.87302
    0.68734
    0.44976
    0.2479
    0.11508
    0.048791
    0.01868
    0.0070447
    0.0026743];
scl1024_real_bler = [0.97087
    0.7874
    0.5291
    0.24814
    0.097561
    0.027034
    0.0054981
    0.00085869
    0.00019602
    0.000024002
    0.0000080008];
ldpc1024_real_bler = [1
    0.97561
    0.86957
    0.61538
    0.32787
    0.1227
    0.022334
    0.0049857
    0.00069871
    0.00015
    0.00003];

bp1024_real_ber = [0.4612
    0.4068
    0.3277
    0.1605
    0.0469
    0.0133
    0.0061
    0.0016
    0.00056179
    0.00034455
    0.00014176];
bpopt1024_real_ber = [0.4634
    0.4090
    0.2777
    0.1585
    0.0535
    0.0153
    0.0034
    0.00090237
    0.00034085
    0.00011659
    0.000052147];
sc1024_real_ber = [0.4487
    0.4009
    0.3223
    0.2269
    0.1350
    0.0654
    0.0270
    0.0102
    0.0034
    0.0011
    0.00036186];
scl1024_real_ber = [0.4085
    0.2762
    0.1711
    0.0724
    0.0269
    0.0060
    0.0011
    0.00015767
    0.000027939
    0.0000016023
    0.00000056818];
ldpc1024_real_ber = [0.6
    0.5
    0.4
    0.2
    0.06
    0.02
    0.006
    0.0008
    0.0001
    0.00002
    0.000004];

% Different Rate
bp0_4_bler = [0.06463700
    0.03685000
    0.02055200
    0.01192700
    0.00686800
    0.00401800
    0.00249800
    0.00153400
    0.00098100
    0.00063500
    0.00040900];
bpopt0_4_bler = [0.052413
    0.030394
    0.014952
    0.0071657
    0.0042054
    0.0018617
    0.0011454
    0.00062525
    0.00043437
    0.00027939
    0.0001937];
bp0_6_bler = [0.63991600
    0.52600000
    0.41892900
    0.32617000
    0.25003200
    0.19197100
    0.14498900
    0.11171200
    0.08708500
    0.06803900
    0.05474100];
bpopt0_6_bler = [0.57062
    0.42979
    0.29706
    0.23821
    0.18036
    0.12704
    0.094747
    0.078722
    0.061812
    0.044066
    0.034401];

bp0_4_ber = [0.01303163
    0.00661018
    0.00342330
    0.00189489
    0.00104749
    0.00061475
    0.00036599
    0.00022535
    0.00015405
    0.00009795
    0.00006950];
bpopt0_4_ber = [0.0144
    0.0072
    0.0039
    0.0017
    0.00094745
    0.00042197
    0.00023915
    0.00011459
    0.000082134
    0.000050361
    0.000028749];
bp0_6_ber = [0.19228086
    0.14505936
    0.10556979
    0.07557176
    0.05290224
    0.03722526
    0.02595331
    0.01865937
    0.01358931
    0.01001786
    0.00767731];
bpopt0_6_ber = [0.2007
    0.1483
    0.0982
    0.0727
    0.0516
    0.0331
    0.0237
    0.0193
    0.0136
    0.0089
    0.0064];

alpha5 = [0.17235
    0.10565
    0.068848
    0.039889
    0.02052
    0.011407
    0.0078802
    0.0045377
    0.003274
    0.0022115
    0.001526];
alpha25 = [0.17688
    0.11451
    0.069464
    0.040759
    0.024314
    0.01412
    0.008734
    0.0053253
    0.0036999
    0.0021306
    0.0013501];
